[{"id": 0, "img_name": "00000", "width": 1920, "height": 1080, "position": [-0.021971313479864436, -4.63129216425011, -0.21388176598217315], "rotation": [[0.9999782795461594, 0.00658448161755925, 0.00029161229565569883], [-0.0065872229081624335, 0.9999211641585783, 0.01068990000475477], [-0.00022120185608014758, -0.010691588730469404, 0.9999428188652376]], "fy": 879.1439765277103, "fx": 877.161706440161}, {"id": 1, "img_name": "00001", "width": 1920, "height": 1080, "position": [-0.022556185601332435, -4.628356706299241, -0.20774516922406763], "rotation": [[0.9999780203331354, 0.006574712802765505, 0.000855571262122042], [-0.006582711894347301, 0.9999311991271822, 0.009709012112030818], [-0.0007916784318372758, -0.009714430690302641, 0.9999525004127066]], "fy": 879.1439765277103, "fx": 877.161706440161}, {"id": 2, "img_name": "00002", "width": 1920, "height": 1080, "position": [-0.021715999898541657, -4.622238124013043, -0.2044885911939804], "rotation": [[0.9999779468304868, 0.006489379049247614, 0.001412024163930725], [-0.006500932200685949, 0.9999441121295427, 0.008337295603638422], [-0.0013578413774895332, -0.008346291213200638, 0.9999642472057578]], "fy": 879.1439765277103, "fx": 877.161706440161}, {"id": 3, "img_name": "00003", "width": 1920, "height": 1080, "position": [-0.020976718347781913, -4.618591932247458, -0.19843414601197015], "rotation": [[0.9999783332115619, 0.006322489010788116, 0.0018328229960603752], [-0.0063363943483784905, 0.9999504095616298, 0.007683002290168157], [-0.0017841564080150973, -0.007694449313456783, 0.9999688056312929]], "fy": 879.1439765277103, "fx": 877.161706440161}, {"id": 4, "img_name": "00004", "width": 1920, "height": 1080, "position": [-0.02616262959529323, -4.612461345616023, -0.1965423110796119], "rotation": [[0.9999793664175889, 0.005817710250035208, 0.002724148770554566], [-0.005837640721897306, 0.999955828541372, 0.007366336738176283], [-0.0026811732281829524, -0.007382087346055623, 0.9999691575726403]], "fy": 879.1439765277103, "fx": 877.161706440161}, {"id": 5, "img_name": "00005", "width": 1920, "height": 1080, "position": [-0.02359218866701138, -4.602138090039552, -0.19200710918638683], "rotation": [[0.99997934942094, 0.005883643643229964, 0.002585240637351769], [-0.005900639878782717, 0.9999607004856177, 0.006616640638116236], [-0.0025462090830201687, -0.0066317585746566345, 0.9999747679804291]], "fy": 879.1439765277103, "fx": 877.161706440161}, {"id": 6, "img_name": "00006", "width": 1920, "height": 1080, "position": [-0.022624285735564555, -4.59314861635284, -0.18801840873998055], "rotation": [[0.9999795326134227, 0.005748031135414693, 0.0028097139190350544], [-0.005764862734114893, 0.9999652649738828, 0.006019568370673854], [-0.0027750156571323035, -0.006035642780906352, 0.9999779349087279]], "fy": 879.1439765277103, "fx": 877.161706440161}, {"id": 7, "img_name": "00007", "width": 1920, "height": 1080, "position": [-0.021695301234783474, -4.582527445591973, -0.18355049923547764], "rotation": [[0.9999801102463549, 0.005601460717804106, 0.0028987496467852802], [-0.005617315715075988, 0.9999691486680924, 0.005490671741034162], [-0.00286790443442605, -0.005506845724870845, 0.9999807247013901]], "fy": 879.1439765277103, "fx": 877.161706440161}, {"id": 8, "img_name": "00008", "width": 1920, "height": 1080, "position": [-0.01670724934960988, -4.574788088636295, -0.1762960516865149], "rotation": [[0.9999816102616895, 0.005416666550675286, 0.0027274277107319058], [-0.005430843974693928, 0.9999716398513065, 0.005217799038978692], [-0.002699087282953897, -0.0052325153193690495, 0.9999826677054315]], "fy": 879.1439765277103, "fx": 877.161706440161}, {"id": 9, "img_name": "00009", "width": 1920, "height": 1080, "position": [-0.013260946765043195, -4.564339712218958, -0.17211890315766604], "rotation": [[0.9999830090436101, 0.0050868413167623775, 0.0028470457503935137], [-0.005099941801763682, 0.9999763540091012, 0.004613243575107364], [-0.002823511591153467, -0.00462768495932093, 0.9999853060491498]], "fy": 879.1439765277103, "fx": 877.161706440161}, {"id": 10, "img_name": "00010", "width": 1920, "height": 1080, "position": [-0.01161754947253303, -4.548053012178592, -0.16727374338266346], "rotation": [[0.9999851850162756, 0.004827639960117986, 0.0025146849465514792], [-0.004837902306930887, 0.9999799290205638, 0.004090997103011935], [-0.002494884613270401, -0.004103102295060563, 0.9999884699846908]], "fy": 879.1439765277103, "fx": 877.161706440161}, {"id": 11, "img_name": "00011", "width": 1920, "height": 1080, "position": [-0.013094407905741257, -4.53184753174844, -0.16417946983612258], "rotation": [[0.9999869411232303, 0.004445826279908249, 0.0025203594375396497], [-0.004454946020749777, 0.9999835083210803, 0.003624436758466501], [-0.002504204256390387, -0.003635617492640638, 0.9999902555757678]], "fy": 879.1439765277103, "fx": 877.161706440161}, {"id": 12, "img_name": "00012", "width": 1920, "height": 1080, "position": [-0.012352324716089068, -4.512241414872242, -0.16060336435678674], "rotation": [[0.9999898779992741, 0.004064973899013784, 0.0019287006500497417], [-0.00407088180437259, 0.9999870039447873, 0.0030691795096889876], [-0.0019161994499513311, -0.0030769999558341314, 0.9999934301038881]], "fy": 879.1439765277103, "fx": 877.161706440161}, {"id": 13, "img_name": "00013", "width": 1920, "height": 1080, "position": [-0.014886348344031724, -4.490867255658129, -0.15835744774411437], "rotation": [[0.9999924525120355, 0.0036352737145345254, 0.0013710229702195709], [-0.0036387427078092838, 0.999990163386735, 0.00253627310784682], [-0.001361789437034999, -0.002541242765191189, 0.9999958437987319]], "fy": 879.1439765277103, "fx": 877.161706440161}, {"id": 14, "img_name": "00014", "width": 1920, "height": 1080, "position": [-0.016636468637997084, -4.4655518533900285, -0.15634842422978915], "rotation": [[0.9999944135124668, 0.003321899393599758, 0.0003713869629958193], [-0.00332256649791897, 0.999992841655691, 0.0018103008707923115], [-0.00036537066711514823, -0.0018115247154500797, 0.9999982924397824]], "fy": 879.1439765277103, "fx": 877.161706440161}, {"id": 15, "img_name": "00015", "width": 1920, "height": 1080, "position": [-0.02396729733101154, -4.440472913144138, -0.15723489441716282], "rotation": [[0.9999963904979259, 0.002686280997039423, -5.3717079507641445e-05], [-0.0026862074040772364, 0.999995512843228, 0.0013261158288651652], [5.7279158221638047e-05, -0.0013259667470306314, 0.9999991192652541]], "fy": 879.1439765277103, "fx": 877.161706440161}, {"id": 16, "img_name": "00016", "width": 1920, "height": 1080, "position": [-0.02959659060197449, -4.411983291379246, -0.15956250912083], "rotation": [[0.9999969792931407, 0.002255181695363657, -0.0009775275518329864], [-0.0022547902999114637, 0.9999973774318236, 0.00040131057609147817], [0.0009784300164656947, -0.00039910524420809913, 0.9999994416946978]], "fy": 879.1439765277103, "fx": 877.161706440161}, {"id": 17, "img_name": "00017", "width": 1920, "height": 1080, "position": [-0.03451742127888813, -4.384673782741277, -0.16067155868206043], "rotation": [[0.9999965790029272, 0.0015506930130831367, -0.0021064979519387914], [-0.0015515240494503966, 0.999998719187161, -0.00039293404239357715], [0.0021058859338350267, 0.0003962009803999193, 0.9999977041319729]], "fy": 879.1439765277103, "fx": 877.161706440161}, {"id": 18, "img_name": "00018", "width": 1920, "height": 1080, "position": [-0.04070787639546394, -4.353038684775511, -0.15978176379645836], "rotation": [[0.9999951628223639, 0.0009246076306138019, -0.002969752953232229], [-0.0009291555288938197, 0.9999983972841321, -0.0015303918354714974], [0.0029683331815931416, 0.0015331437950702805, 0.9999944192185408]], "fy": 879.1439765277103, "fx": 877.161706440161}, {"id": 19, "img_name": "00019", "width": 1920, "height": 1080, "position": [-0.04590487780615987, -4.316978526585945, -0.1551878143163803], "rotation": [[0.9999924124829539, 0.0002600139943067423, -0.003886819939872209], [-0.00026865031230904863, 0.9999974961734001, -0.0022215926585272897], [0.0038862325627681874, 0.0022226199975458587, 0.9999899785281924]], "fy": 879.1439765277103, "fx": 877.161706440161}, {"id": 20, "img_name": "00020", "width": 1920, "height": 1080, "position": [-0.04870209123115919, -4.280074110211725, -0.15015269940177206], "rotation": [[0.999988279688102, -0.000336069479021366, -0.0048298595979167375], [0.0003230292010756493, 0.9999963015892132, -0.0027004555228364955], [0.00483074927579258, 0.002698863686968279, 0.999984689880917]], "fy": 879.1439765277103, "fx": 877.161706440161}, {"id": 21, "img_name": "00021", "width": 1920, "height": 1080, "position": [-0.05048845121008617, -4.244612838913809, -0.14829897211779167], "rotation": [[0.9999793618864941, -0.001114547569071613, -0.006327209874524405], [0.0010938901560112744, 0.9999940638120801, -0.0032673758474432296], [0.006330813960825591, 0.003260387142372864, 0.9999746450136998]], "fy": 879.1439765277103, "fx": 877.161706440161}, {"id": 22, "img_name": "00022", "width": 1920, "height": 1080, "position": [-0.05356265702866517, -4.204002790554307, -0.14960403855951324], "rotation": [[0.9999631914118451, -0.001984015381532337, -0.008347425016333149], [0.0019467530763597892, 0.999988115950826, -0.004469687861276317], [0.008356193744591199, 0.004453272963046422, 0.9999551701881537]], "fy": 879.1439765277103, "fx": 877.161706440161}, {"id": 23, "img_name": "00023", "width": 1920, "height": 1080, "position": [-0.05585976734541912, -4.159143985869327, -0.14542383932084493], "rotation": [[0.9999419750195533, -0.0028133283883220376, -0.010398643054491142], [0.0027529467765214726, 0.9999792949305149, -0.0058164417228993405], [0.010414791310482202, 0.00578747731310504, 0.9999290160947973]], "fy": 879.1439765277103, "fx": 877.161706440161}, {"id": 24, "img_name": "00024", "width": 1920, "height": 1080, "position": [-0.056722400046787275, -4.110492650706096, -0.13936957818066903], "rotation": [[0.9999147240793329, -0.003574303795252592, -0.01256060992669917], [0.0034783848010863207, 0.999964688098332, -0.0076500585345157], [0.01258751002093037, 0.007605715534069608, 0.9998918479929155]], "fy": 879.1439765277103, "fx": 877.161706440161}, {"id": 25, "img_name": "00025", "width": 1920, "height": 1080, "position": [-0.06268539244380313, -4.063053378427357, -0.13097577027309978], "rotation": [[0.9999084160905273, -0.0046576040412305425, -0.012706933380171563], [0.004533434586325798, 0.9999418672453251, -0.00978315392826271], [0.012751760748402962, 0.009724651897507179, 0.9998714036031272]], "fy": 879.1439765277103, "fx": 877.161706440161}, {"id": 26, "img_name": "00026", "width": 1920, "height": 1080, "position": [-0.0626458991828153, -4.011058669999482, -0.1111486879271717], "rotation": [[0.9999113711334349, -0.00525401857083472, -0.012232954136731], [0.005096881408887339, 0.9999045564360922, -0.012841332417061351], [0.01229925517898457, 0.012777844387808766, 0.9998427151381576]], "fy": 879.1439765277103, "fx": 877.161706440161}, {"id": 27, "img_name": "00027", "width": 1920, "height": 1080, "position": [-0.06380910337449062, -3.9579779463990965, -0.09401350775486583], "rotation": [[0.9999137413520363, -0.006271954551991625, -0.011540036458824251], [0.006096808082939456, 0.9998666385697262, -0.015150379746932403], [0.011633519956274865, 0.015078715508099721, 0.9998186303285476]], "fy": 879.1439765277103, "fx": 877.161706440161}, {"id": 28, "img_name": "00028", "width": 1920, "height": 1080, "position": [-0.064980180762787, -3.8986508885612206, -0.08474195449931915], "rotation": [[0.9999024931488395, -0.007256288848761981, -0.011931071489106396], [0.007045362207386894, 0.9998198138737296, -0.017626759681431643], [0.012056826535268702, 0.017540982231435964, 0.9997734477751722]], "fy": 879.1439765277103, "fx": 877.161706440161}, {"id": 29, "img_name": "00029", "width": 1920, "height": 1080, "position": [-0.0657205911828382, -3.8342328234374663, -0.07993258663176653], "rotation": [[0.9998697545038111, -0.008512114687674868, -0.013711963099146783], [0.008233803397555509, 0.9997615054762581, -0.020227126574398097], [0.013880868492241278, 0.02011159047390803, 0.9997013781217424]], "fy": 879.1439765277103, "fx": 877.161706440161}, {"id": 30, "img_name": "00030", "width": 1920, "height": 1080, "position": [-0.0636414793172353, -3.7681222073851295, -0.06588214591744612], "rotation": [[0.9998190635596154, -0.009707619780048624, -0.01635855314445016], [0.009340881093314345, 0.9997066146897549, -0.022347986172143675], [0.01657069953786967, 0.022191139307294945, 0.9996164090555287]], "fy": 879.1439765277103, "fx": 877.161706440161}, {"id": 31, "img_name": "00031", "width": 1920, "height": 1080, "position": [-0.06368040663824014, -3.698595157690554, -0.04839634500173721], "rotation": [[0.999766877941907, -0.010847943808377045, -0.018668473034037725], [0.010391944111696824, 0.999649426307477, -0.024352247960132935], [0.018926100175991598, 0.024152569185548835, 0.9995291172016278]], "fy": 879.1439765277103, "fx": 877.161706440161}, {"id": 32, "img_name": "00032", "width": 1920, "height": 1080, "position": [-0.06399347785648955, -3.6283285226403112, -0.032042861578593186], "rotation": [[0.9997105754628235, -0.01216018374171866, -0.020758016262590252], [0.011611528188982841, 0.9995853388205354, -0.026350006226786106], [0.021069829636396614, 0.02610134759744889, 0.9994372326127792]], "fy": 879.1439765277103, "fx": 877.161706440161}, {"id": 33, "img_name": "00033", "width": 1920, "height": 1080, "position": [-0.0626806794811281, -3.5570224078286303, -0.019649941890757118], "rotation": [[0.9996326886478016, -0.013505427831656478, -0.023496621158181925], [0.01284059413911762, 0.9995192799900865, -0.02821928543130636], [0.023866439385079256, 0.0279072095914837, 0.9993255629292664]], "fy": 879.1439765277103, "fx": 877.161706440161}, {"id": 34, "img_name": "00034", "width": 1920, "height": 1080, "position": [-0.06042688025906739, -3.4813205290598694, -0.0103784946021922], "rotation": [[0.9995325038872211, -0.01494692083749079, -0.026671393484778025], [0.014130728018237079, 0.9994338922697389, -0.03053223719668138], [0.027112657535119745, 0.03014107728727671, 0.9991778716831883]], "fy": 879.1439765277103, "fx": 877.161706440161}, {"id": 35, "img_name": "00035", "width": 1920, "height": 1080, "position": [-0.05516748376712292, -3.404133771769495, -0.0008099442694115971], "rotation": [[0.9994157679334632, -0.016295861596455723, -0.0300427645331594], [0.015304828207567173, 0.9993405583129586, -0.03292735556161726], [0.03055953271080167, 0.03244831899457151, 0.9990061168756295]], "fy": 879.1439765277103, "fx": 877.161706440161}, {"id": 36, "img_name": "00036", "width": 1920, "height": 1080, "position": [-0.049661021555683804, -3.3226176058463115, 0.007090662052787301], "rotation": [[0.9992782094147042, -0.018166212944807168, -0.033362387447338805], [0.016977012746225817, 0.9992223078502203, -0.035588769755275036], [0.03398295495034114, 0.034996688439385436, 0.9988094866245113]], "fy": 879.1439765277103, "fx": 877.161706440161}, {"id": 37, "img_name": "00037", "width": 1920, "height": 1080, "position": [-0.04247265311785699, -3.2422894706975605, 0.015198741012962107], "rotation": [[0.99912237169547, -0.019809908921810965, -0.036906014227070086], [0.018396044500299327, 0.999098344453526, -0.03826334612872397], [0.03763073111649776, 0.037550840453085516, 0.9985859314334972]], "fy": 879.1439765277103, "fx": 877.161706440161}, {"id": 38, "img_name": "00038", "width": 1920, "height": 1080, "position": [-0.035678282285454346, -3.158168112175922, 0.020653133284583097], "rotation": [[0.9989583733512215, -0.021492424756473456, -0.04025225446566689], [0.019820194304058365, 0.9989422324661826, -0.041491879846886646], [0.041101438043343985, 0.040650853294444296, 0.9983276916509943]], "fy": 879.1439765277103, "fx": 877.161706440161}, {"id": 39, "img_name": "00039", "width": 1920, "height": 1080, "position": [-0.02616782890288966, -3.067613286001532, 0.031395923416515474], "rotation": [[0.9987848254708105, -0.023083721764371005, -0.04354324515636775], [0.021137602382158026, 0.998779630720028, -0.044636879643386425], [0.04452049162774629, 0.043662238241637154, 0.9980538736846596]], "fy": 879.1439765277103, "fx": 877.161706440161}, {"id": 40, "img_name": "00040", "width": 1920, "height": 1080, "position": [-0.01829174159693179, -2.9772879071777534, 0.037017414222017486], "rotation": [[0.9986030923758286, -0.024794655284142483, -0.04665928596509998], [0.02256856750508325, 0.9986092886746541, -0.04764607364169389], [0.04777576433926444, 0.046526483233119635, 0.9977739035972815]], "fy": 879.1439765277103, "fx": 877.161706440161}, {"id": 41, "img_name": "00041", "width": 1920, "height": 1080, "position": [-0.007769119318189042, -2.8904461723196775, 0.03481101622035599], "rotation": [[0.9983843918639536, -0.02667132556060644, -0.050172168333487845], [0.02412626805921779, 0.9984242137096269, -0.05066569517778624], [0.051444428969310826, 0.04937337208611263, 0.9974546309767016]], "fy": 879.1439765277103, "fx": 877.161706440161}, {"id": 42, "img_name": "00042", "width": 1920, "height": 1080, "position": [0.0012970951262606337, -2.792949535554028, 0.030667190842677345], "rotation": [[0.9981150883936633, -0.028752798019855624, -0.05421758872302758], [0.02580321670285179, 0.9981890744060095, -0.05433935723083092], [0.05568181326695145, 0.052837944154779264, 0.9970494909124626]], "fy": 879.1439765277103, "fx": 877.161706440161}, {"id": 43, "img_name": "00043", "width": 1920, "height": 1080, "position": [0.015834157040654443, -2.7001411771352366, 0.029401593573490127], "rotation": [[0.9977877632328086, -0.03102250448272564, -0.058797821035206393], [0.02766286411060484, 0.9979842262785081, -0.05711611023595758], [0.06045118271851348, 0.05536323974359804, 0.9966346202059337]], "fy": 879.1439765277103, "fx": 877.161706440161}, {"id": 44, "img_name": "00044", "width": 1920, "height": 1080, "position": [0.03438439908900367, -2.6086230622710267, 0.039227942888835486], "rotation": [[0.9974888710385746, -0.0324943729667264, -0.06292907022743323], [0.02868484408531639, 0.9977546084509421, -0.060522070641286334], [0.06475439656109097, 0.058564981348985724, 0.9961812139794657]], "fy": 879.1439765277103, "fx": 877.161706440161}, {"id": 45, "img_name": "00045", "width": 1920, "height": 1080, "position": [0.04502333072629883, -2.5213062785282694, 0.055089085904004215], "rotation": [[0.997267931581261, -0.03469221474902037, -0.06521597101508628], [0.030530303565549678, 0.9974978133558831, -0.06376529553312678], [0.06726494780959918, 0.06160002099057651, 0.9958317449299016]], "fy": 879.1439765277103, "fx": 877.161706440161}, {"id": 46, "img_name": "00046", "width": 1920, "height": 1080, "position": [0.06391500269853023, -2.4346439310715065, 0.07109959498579456], "rotation": [[0.9970220386740538, -0.03662773874995276, -0.06786356277339575], [0.032070924451873685, 0.9972333267212287, -0.06706077751795966], [0.0701320911069649, 0.06468462592128274, 0.995438289883601]], "fy": 879.1439765277103, "fx": 877.161706440161}, {"id": 47, "img_name": "00047", "width": 1920, "height": 1080, "position": [0.08399595916533623, -2.3584943752752516, 0.08135332418781595], "rotation": [[0.9968123496213311, -0.038572237762713846, -0.0698378272598586], [0.03366501475752318, 0.9969697105036566, -0.0701289035963843], [0.0723312271690238, 0.06755426568494313, 0.9950902545819604]], "fy": 879.1439765277103, "fx": 877.161706440161}, {"id": 48, "img_name": "00048", "width": 1920, "height": 1080, "position": [0.10500440255569324, -2.2817680676209595, 0.09082240670151236], "rotation": [[0.996572030482874, -0.04074995709494224, -0.07199742395393138], [0.03544758587219901, 0.9966688083554245, -0.07344899663856101], [0.074750630198513, 0.07064508084883643, 0.9946967456651231]], "fy": 879.1439765277103, "fx": 877.161706440161}, {"id": 49, "img_name": "00049", "width": 1920, "height": 1080, "position": [0.12570156998505905, -2.2049086514777088, 0.10051378714547592], "rotation": [[0.9962893911301915, -0.04270819947844417, -0.07472254558526317], [0.036951947056007045, 0.9963622460082381, -0.07679080894344957], [0.07773032053325371, 0.0737447247383075, 0.9942432865466425]], "fy": 879.1439765277103, "fx": 877.161706440161}, {"id": 50, "img_name": "00050", "width": 1920, "height": 1080, "position": [0.14344697225593936, -2.1340583461252685, 0.1025366497468628], "rotation": [[0.9959882632626557, -0.0447753741145754, -0.07747609512577883], [0.03855611777385666, 0.9960499632423642, -0.0799868520889105], [0.0807515029287221, 0.07667878844755285, 0.9937804376103245]], "fy": 879.1439765277103, "fx": 877.161706440161}, {"id": 51, "img_name": "00051", "width": 1920, "height": 1080, "position": [0.1599857316201321, -2.065124999712927, 0.09943579422846993], "rotation": [[0.9956898911563038, -0.04721743539073277, -0.07982577556322161], [0.0405263571433337, 0.9956868892963007, -0.08345797062083019], [0.08342214949183951, 0.0798632097938617, 0.9933089210792294]], "fy": 879.1439765277103, "fx": 877.161706440161}, {"id": 52, "img_name": "00052", "width": 1920, "height": 1080, "position": [0.17891120158323556, -2.0005266594913094, 0.09706839541685883], "rotation": [[0.9953605558874719, -0.04944838246876918, -0.08253618148791003], [0.04218386384647684, 0.9952664307709833, -0.08755143294869099], [0.08647476750107402, 0.08366354792625968, 0.9927348716218372]], "fy": 879.1439765277103, "fx": 877.161706440161}, {"id": 53, "img_name": "00053", "width": 1920, "height": 1080, "position": [0.19663448990242352, -1.9404642544090012, 0.09466009618492391], "rotation": [[0.9950655162672183, -0.051544422570187196, -0.0847808400392463], [0.043713338948900095, 0.9948208435132538, -0.0917640087916639], [0.08907166964749713, 0.08760514718601854, 0.9921650950586414]], "fy": 879.1439765277103, "fx": 877.161706440161}, {"id": 54, "img_name": "00054", "width": 1920, "height": 1080, "position": [0.2205040554397532, -1.8855106752137332, 0.09518542641720457], "rotation": [[0.9947008547076354, -0.05365378487073245, -0.08770108900660778], [0.04520089186286992, 0.9943854173113397, -0.09567926219068706], [0.09234223854066415, 0.09120807643842875, 0.9915412234363737]], "fy": 879.1439765277103, "fx": 877.161706440161}, {"id": 55, "img_name": "00055", "width": 1920, "height": 1080, "position": [0.24578536489956446, -1.832049960789928, 0.09416541331271071], "rotation": [[0.9943669177057652, -0.055915597336874984, -0.09004376128747765], [0.04681937961211613, 0.9938708908041372, -0.10014288843910545], [0.09509142266825311, 0.0953629822659244, 0.9908902678643468]], "fy": 879.1439765277103, "fx": 877.161706440161}, {"id": 56, "img_name": "00056", "width": 1920, "height": 1080, "position": [0.26832956819493187, -1.7830369822986047, 0.08606080300852399], "rotation": [[0.9940213464190946, -0.05863515641307158, -0.0921058157533222], [0.04891496185883846, 0.993325546464629, -0.10445901228278326], [0.09761603028969516, 0.09932913557039, 0.9902549335687858]], "fy": 879.1439765277103, "fx": 877.161706440161}, {"id": 57, "img_name": "00057", "width": 1920, "height": 1080, "position": [0.2986494755244459, -1.7367084089544367, 0.06903381056664754], "rotation": [[0.993486709846636, -0.06106738864419267, -0.09620255403202711], [0.05048803923319668, 0.9927801768674184, -0.10880477155660369], [0.10215241187800297, 0.10323901618708232, 0.9893970842307097]], "fy": 879.1439765277103, "fx": 877.161706440161}, {"id": 58, "img_name": "00058", "width": 1920, "height": 1080, "position": [0.323664113744619, -1.6855156507390616, 0.04197508151849875], "rotation": [[0.9929758766149078, -0.06384743582829638, -0.09961131160167938], [0.05242216683546048, 0.9921683185050835, -0.11337523618088079], [0.10606990565250088, 0.10735703373765004, 0.9885462267501316]], "fy": 879.1439765277103, "fx": 877.161706440161}, {"id": 59, "img_name": "00059", "width": 1920, "height": 1080, "position": [0.34760113032845147, -1.6287286232337974, 0.018762461120051095], "rotation": [[0.9924450072879882, -0.06656721527405667, -0.10306169686067927], [0.05424841901980987, 0.9915268462390737, -0.1180322931279717], [0.110045520322257, 0.11154962589741708, 0.9876470343291422]], "fy": 879.1439765277103, "fx": 877.161706440161}, {"id": 60, "img_name": "00060", "width": 1920, "height": 1080, "position": [0.3718905356682025, -1.5684840127671236, -0.007651003688732174], "rotation": [[0.9919238175088342, -0.06905417298059485, -0.10638919800744302], [0.05574599841874372, 0.990796525938836, -0.12334758955014423], [0.11392771356872854, 0.11642063984319756, 0.986644166201525]], "fy": 879.1439765277103, "fx": 877.161706440161}, {"id": 61, "img_name": "00061", "width": 1920, "height": 1080, "position": [0.39465733313094264, -1.5012244090684899, -0.041668580618835965], "rotation": [[0.9913769293338375, -0.07194307899879412, -0.10952614924658287], [0.05751166563548253, 0.9898905756386216, -0.1296497457678595], [0.11774630482713219, 0.12223273557444181, 0.9854922455572873]], "fy": 879.1439765277103, "fx": 877.161706440161}, {"id": 62, "img_name": "00062", "width": 1920, "height": 1080, "position": [0.41917526253194626, -1.4366185840499297, -0.07990985602424001], "rotation": [[0.9907929253211735, -0.07489556228741125, -0.1127831276528725], [0.059247940613094, 0.9889066217961454, -0.1362107738060484], [0.12173356425661294, 0.12827450299021897, 0.9842390925054711]], "fy": 879.1439765277103, "fx": 877.161706440161}, {"id": 63, "img_name": "00063", "width": 1920, "height": 1080, "position": [0.4473071286620235, -1.3688919708394052, -0.11363729495117074], "rotation": [[0.9902051176503357, -0.0774505993215197, -0.11616897022795011], [0.0605670266306481, 0.9879527835632047, -0.14241113978491232], [0.12579928562677656, 0.13398023031198628, 0.9829668547928458]], "fy": 879.1439765277103, "fx": 877.161706440161}, {"id": 64, "img_name": "00064", "width": 1920, "height": 1080, "position": [0.467901672230215, -1.2932986860250113, -0.14936548514246237], "rotation": [[0.9897033742587452, -0.08057963493107743, -0.11829688675205333], [0.06261982367501863, 0.9869460984373795, -0.14837842316908595], [0.1287089300078414, 0.13944289588791914, 0.9818297663661596]], "fy": 879.1439765277103, "fx": 877.161706440161}, {"id": 65, "img_name": "00065", "width": 1920, "height": 1080, "position": [0.4923864039387681, -1.2155463227810683, -0.1860346762838903], "rotation": [[0.9892310382107778, -0.08315423327398419, -0.12044636370203303], [0.06410166710771477, 0.9859552673251297, -0.1542179856820983], [0.13157860507863092, 0.1448364053767145, 0.9806678777053491]], "fy": 879.1439765277103, "fx": 877.161706440161}, {"id": 66, "img_name": "00066", "width": 1920, "height": 1080, "position": [0.5128411088381113, -1.1336887457623008, -0.22857418720366174], "rotation": [[0.9887716435317626, -0.0860465619482551, -0.12217457233148829], [0.06596175461810877, 0.9849355653554575, -0.1598467360493348], [0.1340883435470711, 0.14999307075598664, 0.9795521399343642]], "fy": 879.1439765277103, "fx": 877.161706440161}, {"id": 67, "img_name": "00067", "width": 1920, "height": 1080, "position": [0.5357753537503136, -1.049843054158764, -0.27234865479403375], "rotation": [[0.9882683388799297, -0.08893282558518784, -0.12416377451148675], [0.06763186828925266, 0.9837518324947463, -0.1663077342005896], [0.13693655742426836, 0.15595924017724425, 0.9782254825162381]], "fy": 879.1439765277103, "fx": 877.161706440161}, {"id": 68, "img_name": "00068", "width": 1920, "height": 1080, "position": [0.5622299594119838, -0.9675534117012522, -0.31541494794346275], "rotation": [[0.9877343729436739, -0.09155656040921041, -0.12648400986528477], [0.06896688339538283, 0.9825634321611622, -0.17266346102868654], [0.14008703544687678, 0.16182242744969466, 0.9768260461689142]], "fy": 879.1439765277103, "fx": 877.161706440161}, {"id": 69, "img_name": "00069", "width": 1920, "height": 1080, "position": [0.5828396294513037, -0.881034249146411, -0.3510113685859186], "rotation": [[0.9872370264970283, -0.0944722825704231, -0.12821092519454014], [0.07064689180789388, 0.9812948493865196, -0.1790794104451198], [0.14273076119459874, 0.16773612131387228, 0.9754447823507943]], "fy": 879.1439765277103, "fx": 877.161706440161}, {"id": 70, "img_name": "00070", "width": 1920, "height": 1080, "position": [0.6073189353866794, -0.8057137658742086, -0.3760882790238087], "rotation": [[0.9868469853004479, -0.09708832755615832, -0.12925511307397353], [0.07217040387759356, 0.9800574490992263, -0.18514542735175077], [0.14465289629856223, 0.17338181311044562, 0.9741736428763467]], "fy": 879.1439765277103, "fx": 877.161706440161}, {"id": 71, "img_name": "00071", "width": 1920, "height": 1080, "position": [0.614459745148511, -0.7137445706245384, -0.40542711150010846], "rotation": [[0.9865977012415644, -0.10009179167170792, -0.12886663317091862], [0.07418224740144526, 0.9785632944755478, -0.19212202600335304], [0.1453339949059801, 0.17998753274910387, 0.9728733309015922]], "fy": 879.1439765277103, "fx": 877.161706440161}, {"id": 72, "img_name": "00072", "width": 1920, "height": 1080, "position": [0.6249527887732619, -0.6326114806912391, -0.4433992199758768], "rotation": [[0.9862628687855762, -0.1028565266776701, -0.12925203508901134], [0.07586002945231535, 0.9771161588269996, -0.19871906826136052], [0.1467338051927337, 0.1861841751572221, 0.9714960850845904]], "fy": 879.1439765277103, "fx": 877.161706440161}, {"id": 73, "img_name": "00073", "width": 1920, "height": 1080, "position": [0.6423261237695459, -0.5509940278320243, -0.48405752812725256], "rotation": [[0.985772910289915, -0.10577125847395832, -0.1306300509813365], [0.07735786455505402, 0.9754733788920916, -0.20607631563167936], [0.1492230884616499, 0.1930391876114296, 0.9697774703076403]], "fy": 879.1439765277103, "fx": 877.161706440161}, {"id": 74, "img_name": "00074", "width": 1920, "height": 1080, "position": [0.6557864474040638, -0.4748489626890727, -0.5149586283041566], "rotation": [[0.9852689454526865, -0.10877814478847524, -0.1319561303726684], [0.07907547993369159, 0.973964869753881, -0.21246058683568064], [0.15163170380829818, 0.19889632400243848, 0.9682190241358148]], "fy": 879.1439765277103, "fx": 877.161706440161}, {"id": 75, "img_name": "00075", "width": 1920, "height": 1080, "position": [0.6674419600289269, -0.39198572178664187, -0.5303050968455368], "rotation": [[0.9847284391989922, -0.11139855181485332, -0.1337918670408262], [0.08023385032905199, 0.9723959822579057, -0.2191086099404997], [0.15450705580682056, 0.20502784284637093, 0.9664839126253844]], "fy": 879.1439765277103, "fx": 877.161706440161}, {"id": 76, "img_name": "00076", "width": 1920, "height": 1080, "position": [0.6687771511705809, -0.30547843099075134, -0.5464348229860291], "rotation": [[0.9843339811994852, -0.11448735874422328, -0.13408675603407952], [0.08215460660135229, 0.9707194046232218, -0.22573094183588294], [0.156003955302897, 0.21117879196479275, 0.9649177600988296]], "fy": 879.1439765277103, "fx": 877.161706440161}, {"id": 77, "img_name": "00077", "width": 1920, "height": 1080, "position": [0.6660035112297846, -0.21368112445758763, -0.5507614109872094], "rotation": [[0.9839627551571177, -0.11716520016090337, -0.13449762947676583], [0.08356299380315817, 0.9689416696224846, -0.23274292027007995], [0.15758972850496092, 0.2177713404937548, 0.9631931897232692]], "fy": 879.1439765277103, "fx": 877.161706440161}, {"id": 78, "img_name": "00078", "width": 1920, "height": 1080, "position": [0.660871236862202, -0.12327185787782623, -0.5620903451134718], "rotation": [[0.9835684650951411, -0.11999383530604851, -0.13488718975104066], [0.08511663103061684, 0.9671137644685037, -0.23967921415416352], [0.1592112860082041, 0.22425977362002408, 0.9614360718963635]], "fy": 879.1439765277103, "fx": 877.161706440161}, {"id": 79, "img_name": "00079", "width": 1920, "height": 1080, "position": [0.6561428178922483, -0.03712293654838239, -0.5769769771616373], "rotation": [[0.9830486311287276, -0.12307023623465972, -0.13590108825568598], [0.08686894249187574, 0.9653994707604572, -0.24588137116457712], [0.16145951711273598, 0.22990776152312567, 0.9597256094973958]], "fy": 879.1439765277103, "fx": 877.161706440161}, {"id": 80, "img_name": "00080", "width": 1920, "height": 1080, "position": [0.645239656615959, 0.05767730338693983, -0.587913948069494], "rotation": [[0.9825790773902935, -0.12596117469233903, -0.13664603596506517], [0.08839612650579615, 0.9635341858089428, -0.2525628587030747], [0.16347624137351308, 0.23608400040583877, 0.9578830112590812]], "fy": 879.1439765277103, "fx": 877.161706440161}, {"id": 81, "img_name": "00081", "width": 1920, "height": 1080, "position": [0.6361073124718876, 0.1451426742363579, -0.5987648342125412], "rotation": [[0.982000451838758, -0.1288800433857707, -0.138076236207963], [0.08992993722775543, 0.961886225934735, -0.25823922000200444], [0.16609551161511643, 0.24117384346962994, 0.9561628826969804]], "fy": 879.1439765277103, "fx": 877.161706440161}, {"id": 82, "img_name": "00082", "width": 1920, "height": 1080, "position": [0.6256558874604964, 0.2407896644353592, -0.6015434361280885], "rotation": [[0.9814155670782907, -0.13173339793911712, -0.1395342128791764], [0.09132334021908285, 0.960149129022854, -0.26414711349527314], [0.16877064978137266, 0.24649535878809015, 0.9543356358579009]], "fy": 879.1439765277103, "fx": 877.161706440161}, {"id": 83, "img_name": "00083", "width": 1920, "height": 1080, "position": [0.6126008471164691, 0.33903840178640343, -0.6004247323732832], "rotation": [[0.9808567224156344, -0.1345594813840178, -0.14076162851332522], [0.09278251812552316, 0.9584630054321341, -0.26970367359064257], [0.17120599996012456, 0.25148044295265803, 0.952599649585275]], "fy": 879.1439765277103, "fx": 877.161706440161}, {"id": 84, "img_name": "00084", "width": 1920, "height": 1080, "position": [0.5944665889030355, 0.44285415493892544, -0.6048513438502097], "rotation": [[0.9803364642369077, -0.13771512188133378, -0.14133280614453175], [0.09467301815996455, 0.9566381285215502, -0.27546417315373195], [0.17313993334861097, 0.2566671702107528, 0.950865146703802]], "fy": 879.1439765277103, "fx": 877.161706440161}, {"id": 85, "img_name": "00085", "width": 1920, "height": 1080, "position": [0.5901899885923069, 0.5474848937726721, -0.6030840315373672], "rotation": [[0.979732802715582, -0.14052073201882656, -0.1427499882870877], [0.09600476151028263, 0.9548767972861065, -0.2810576235791901], [0.17580307463302314, 0.26165669469272346, 0.9490147802179135]], "fy": 879.1439765277103, "fx": 877.161706440161}, {"id": 86, "img_name": "00086", "width": 1920, "height": 1080, "position": [0.5850056005102074, 0.6558792182394092, -0.5970160846610597], "rotation": [[0.9791506671944865, -0.14341368481013783, -0.1438627329845035], [0.09736923705734095, 0.9529030337808236, -0.2872194977472348], [0.178278441230182, 0.2672233582987852, 0.9469997223716887]], "fy": 879.1439765277103, "fx": 877.161706440161}, {"id": 87, "img_name": "00087", "width": 1920, "height": 1080, "position": [0.5760005995349508, 0.7587537722783073, -0.5934098539666934], "rotation": [[0.9785920171571608, -0.14634805560403852, -0.14470629073124633], [0.09890961610343019, 0.951009617180895, -0.2929122665094782], [0.1804842148182239, 0.2723287620696072, 0.9451256496101904]], "fy": 879.1439765277103, "fx": 877.161706440161}, {"id": 88, "img_name": "00088", "width": 1920, "height": 1080, "position": [0.5574011721669456, 0.876818005462737, -0.5881165950220028], "rotation": [[0.9780280588924968, -0.1493812190656746, -0.14541790608253077], [0.1005534694842693, 0.9490552929176775, -0.29863531398616844], [0.18262014071194596, 0.27745144147290757, 0.9432235057667693]], "fy": 879.1439765277103, "fx": 877.161706440161}, {"id": 89, "img_name": "00089", "width": 1920, "height": 1080, "position": [0.5357424208382382, 1.0043849148376887, -0.5824361331300044], "rotation": [[0.9774779193238828, -0.15246634701750095, -0.14591411947235075], [0.10218794690492074, 0.946898467553609, -0.30486212564368204], [0.18464707076368575, 0.28308533196152363, 0.9411525668490867]], "fy": 879.1439765277103, "fx": 877.161706440161}, {"id": 90, "img_name": "00090", "width": 1920, "height": 1080, "position": [0.5157027443663973, 1.135617700049357, -0.5803604983278963], "rotation": [[0.9769316719849956, -0.1554739645733387, -0.14639793240496632], [0.10379667959502355, 0.9448113790382654, -0.3107373607161828], [0.18663000181548758, 0.288373550069453, 0.9391538415204891]], "fy": 879.1439765277103, "fx": 877.161706440161}, {"id": 91, "img_name": "00091", "width": 1920, "height": 1080, "position": [0.4922825141403429, 1.2724697930583657, -0.5696029604958386], "rotation": [[0.976381592759366, -0.15849726217255605, -0.146825076892497], [0.10537248344121516, 0.9426127719034071, -0.3168245602506316], [0.18861501810331663, 0.2938703457791876, 0.9370510097201253]], "fy": 879.1439765277103, "fx": 877.161706440161}, {"id": 92, "img_name": "00092", "width": 1920, "height": 1080, "position": [0.46396193777326916, 1.4158430993815012, -0.5627253795879535], "rotation": [[0.9758006643080102, -0.16156644176987026, -0.14734092584841915], [0.10691725267154925, 0.9403294076431022, -0.32303143222098446], [0.19074004460839977, 0.29946099915580915, 0.9348483007244491]], "fy": 879.1439765277103, "fx": 877.161706440161}, {"id": 93, "img_name": "00093", "width": 1920, "height": 1080, "position": [0.43193951856067914, 1.5656640511312148, -0.5576181406557568], "rotation": [[0.9752347891951333, -0.16466795487764205, -0.14765354916133552], [0.10835824851018128, 0.9377146060208099, -0.3300754574866824], [0.19280974021903008, 0.3059015892270776, 0.9323350373041971]], "fy": 879.1439765277103, "fx": 877.161706440161}, {"id": 94, "img_name": "00094", "width": 1920, "height": 1080, "position": [0.4013406472617757, 1.7104764908179024, -0.5549265057029388], "rotation": [[0.9746823914414778, -0.1678788859891758, -0.14768519036435251], [0.11014498857704522, 0.9353040460210583, -0.3362654055772027], [0.19458241777016833, 0.311485186061346, 0.9301154022803001]], "fy": 879.1439765277103, "fx": 877.161706440161}, {"id": 95, "img_name": "00095", "width": 1920, "height": 1080, "position": [0.37494712748946885, 1.8515538127694242, -0.5402588506420806], "rotation": [[0.97412880605944, -0.1707765732197734, -0.1480149696636155], [0.11158439345850438, 0.9330085336741701, -0.3421169379432601], [0.19652478811006852, 0.3167498036786862, 0.9279264892909387]], "fy": 879.1439765277103, "fx": 877.161706440161}, {"id": 96, "img_name": "00096", "width": 1920, "height": 1080, "position": [0.3431043380863398, 1.9960409672881607, -0.5248589242761617], "rotation": [[0.9736310448728892, -0.17389471976776866, -0.14765911721466982], [0.11349992738378421, 0.9307150333337109, -0.3476885002563438], [0.19788975451903032, 0.32176101871345303, 0.9259100884496716]], "fy": 879.1439765277103, "fx": 877.161706440161}, {"id": 97, "img_name": "00097", "width": 1920, "height": 1080, "position": [0.3166369138909891, 2.145088978847766, -0.5094743605107486], "rotation": [[0.9730980477809923, -0.17698089642265208, -0.14750576838299026], [0.11530756044025992, 0.9284022124411856, -0.353232923776405], [0.1994601612105477, 0.326721738235683, 0.923833615893098]], "fy": 879.1439765277103, "fx": 877.161706440161}, {"id": 98, "img_name": "00098", "width": 1920, "height": 1080, "position": [0.29706787763740483, 2.2781089892496618, -0.49085343442389895], "rotation": [[0.97257390943755, -0.17995289668803727, -0.14736670470274083], [0.11709514045138383, 0.9262460567059285, -0.3582694105270339], [0.2009694473397161, 0.3311875562431389, 0.9219143581839186]], "fy": 879.1439765277103, "fx": 877.161706440161}, {"id": 99, "img_name": "00099", "width": 1920, "height": 1080, "position": [0.2758061900187012, 2.4070107585713827, -0.4705982822147411], "rotation": [[0.9721015525379068, -0.18305841326576194, -0.1466567041972951], [0.11914912221941859, 0.9239418018040653, -0.36350382880156773], [0.20204469363913888, 0.3358886187587768, 0.9199765092438978]],